acc = 0.8407539480387163
eval_loss = 0.4884921596025002
global_step = 36816
loss = 0.08176425210445527
