acc = 0.930045871559633
eval_loss = 0.23868594674068852
global_step = 6315
loss = 0.01774236321042241
