f1 = 0.9410189910482725
loss = 0.007041413932593204
